output:ms6_aab001 timestep:0.001000 sim_time:200.000000 thermostat_temperature:150.000000 relaxation_time:20.000000 mode:1 lattice_size:4 lattice_spacing:1.500000 cutoff_radius:150.000000 
                time        total_energy      kinetic_energy    potential_energy          temprature
        0.0000000000        2.1171867215        2.1171867215        0.0000000000        9.9243137495
        0.1410000000        2.3271248795        2.3271248795        0.0000000000       10.9083989635
        0.2820000000        2.5355881417        2.5355881417        0.0000000000       11.8855706028
        0.4230000000        2.7425868699        2.7425868699        0.0000000000       12.8558772381
        0.5640000000        2.9481313529        2.9481313529        0.0000000000       13.8193670985
        0.7050000000        3.1522318073        3.1522318073        0.0000000000       14.7760880745
        0.8460000000        3.3548983781        3.3548983781        0.0000000000       15.7260877202
        0.9870000000        3.5561411389        3.5561411389        0.0000000000       16.6694132553
        1.1280000000        3.7512854802        3.7512854802        0.0000000000       17.5841524467
        1.2690000000        3.9501931552        3.9501931552        0.0000000000       18.5165322666
        1.4100000000        4.1444666211        4.1444666211        0.0000000000       19.4271892289
        1.5510000000        4.3371845205        4.3371845205        0.0000000000       20.3305544730
        1.6920000000        4.5189111357        4.5189111357        0.0000000000       21.1823980671
        1.8330000000        4.7140946659        4.7140946659        0.0000000000       22.0973209561
        1.9740000000        4.9128650396        4.8687308705        0.0441341691       22.8221782378
        2.1150000000        5.1043603026        5.1043603026        0.0000000000       23.9266913111
        2.2560000000        5.2954324715        5.2954324715        0.0000000000       24.8223421925
        2.3970000000        5.4807545725        5.4807545725        0.0000000000       25.6910396279
        2.5380000000        5.6679834455        5.6679834455        0.0000000000       26.5686750575
        2.6790000000        5.8372576708        5.8372576708        0.0000000000       27.3621480682
        2.8200000000        6.0210609091        6.0210609091        0.0000000000       28.2237258337
        2.9610000000        6.2038149600        6.1640833361        0.0397316239       28.8941435274
        3.1020000000        6.3849359174        6.3849359174        0.0000000000       29.9293901057
        3.2430000000        6.5619602716        6.5619602716        0.0000000000       30.7591918491
        3.3840000000        6.7352978953        6.7352978953        0.0000000000       31.5717120415
        3.5250000000        6.9127920579        6.9127920579        0.0000000000       32.4037160117
        3.6660000000        7.0849245490        7.0849245490        0.0000000000       33.2105871445
        3.8070000000        7.2613365283        7.2613365283        0.0000000000       34.0375183801
        3.9480000000        7.4379630931        7.4379630931        0.0000000000       34.8654554853
        4.0890000000        7.6100904076        7.6100904076        0.0000000000       35.6723023530
        4.2300000000        7.7835046209        7.7835046209        0.0000000000       36.4851815588
        4.3710000000        7.9541529757        7.9541529757        0.0000000000       37.2850958020
        4.5120000000        8.1232707613        8.1232707613        0.0000000000       38.0778355013
        4.6530000000        8.2899335687        8.2899335687        0.0000000000       38.8590674891
        4.7940000000        8.4533143837        8.4533143837        0.0000000000       39.6249151360
        4.9350000000        8.6184860537        8.6184860537        0.0000000000       40.3991574166
        5.0760000000        8.7827501000        8.7827501000        0.0000000000       41.1691452105
        5.2170000000        8.9458601285        8.9458601285        0.0000000000       41.9337235458
        5.3580000000        9.1078242468        9.1078242468        0.0000000000       42.6929304263
        5.4990000000        9.2686505053        9.2686505053        0.0000000000       43.4468035884
        5.6400000000        9.4283468979        9.4283468979        0.0000000000       44.1953805034
        5.7810000000        9.5869213623        9.5869213623        0.0000000000       44.9386983797
        5.9220000000        9.7443817805        9.7443817805        0.0000000000       45.6767941638
        6.0630000000        9.9007359791        9.9007359791        0.0000000000       46.4097045431
        6.2040000000       10.0559917297       10.0559917297        0.0000000000       47.1374659469
        6.3450000000       10.2095305625       10.2095305625        0.0000000000       47.8571792975
        6.4860000000       10.3626169132       10.3626169132        0.0000000000       48.5747716381
        6.6270000000       10.5146277738       10.5146277738        0.0000000000       49.2873226184
        6.7680000000       10.6700669630       10.6700669630        0.0000000000       50.0159438906
        6.9090000000       10.8199178695       10.8199178695        0.0000000000       50.7183700852
        7.0500000000       10.9687160162       10.9687160162        0.0000000000       51.4158614675
        7.1910000000       11.1164687990       11.1164687990        0.0000000000       52.1084527062
        7.3320000000       11.2631835621       11.2631835621        0.0000000000       52.7961782269
        7.4730000000       11.4088675979       11.4088675979        0.0000000000       53.4790722131
        7.6140000000       11.5535281477       11.5535281477        0.0000000000       54.1571686081
        7.7550000000       11.6971724019       11.6971724019        0.0000000000       54.8305011168
        7.8960000000       11.8398075003       11.8398075003        0.0000000000       55.4991032074
        8.0370000000       11.9814405326       11.9814405326        0.0000000000       56.1630081129
        8.1780000000       12.1220785388       12.1220785388        0.0000000000       56.8222488328
        8.3190000000       12.2617285092       12.2617285092        0.0000000000       57.4768581347
        8.4600000000       12.4003973853       12.4003973853        0.0000000000       58.1268685562
        8.6010000000       12.5414435895       12.4975152343        0.0439283553       58.5821085189
        8.7420000000       12.6848206358       12.6848206358        0.0000000000       59.4601026765
        8.8830000000       12.8205171281       12.8205171281        0.0000000000       60.0961800474
        9.0240000000       12.9552603006       12.9552603006        0.0000000000       60.7277887317
        9.1650000000       13.0890568508       13.0890568508        0.0000000000       61.3549601236
        9.3060000000       13.2219134292       13.2219134292        0.0000000000       61.9777253970
        9.4470000000       13.3567373915       13.3567373915        0.0000000000       62.6097127837
        9.5880000000       13.4877134118       13.4877134118        0.0000000000       63.2236629402
        9.7290000000       13.6177692755       13.6177692755        0.0000000000       63.8332998623
        9.8700000000       13.7469114471       13.7469114471        0.0000000000       64.4386538520
       10.0110000000       13.8751463455       13.8751463455        0.0000000000       65.0397549987
       10.1520000000       14.0024803449       14.0024803449        0.0000000000       65.6366331802
       10.2930000000       14.1289197742       14.1289197742        0.0000000000       66.2293180644
       10.4340000000       14.2544709182       14.2544709182        0.0000000000       66.8178391109
       10.5750000000       14.3791400175       14.3791400175        0.0000000000       67.4022255722
       10.7160000000       14.5029332687       14.5029332687        0.0000000000       67.9825064953
       10.8570000000       14.6258568250       14.6258568250        0.0000000000       68.5587107232
       10.9980000000       14.7477808827       14.7477808827        0.0000000000       69.1302298005
       11.1390000000       14.8689842910       14.8689842910        0.0000000000       69.6983708337
       11.2800000000       14.9893361990       14.9893361990        0.0000000000       70.2625204591
       11.4210000000       15.1088425889       15.1088425889        0.0000000000       70.8227067178
       11.5620000000       15.2275094008       15.2275094008        0.0000000000       71.3789574540
       11.7030000000       15.3453425329       15.3453425329        0.0000000000       71.9313003162
       11.8440000000       15.4623478423       15.4623478423        0.0000000000       72.4797627588
       11.9850000000       15.5785311447       15.5785311447        0.0000000000       73.0243720432
       12.1260000000       15.6938982150       15.6938982150        0.0000000000       73.5651552394
       12.2670000000       15.8084547876       15.8084547876        0.0000000000       74.1021392269
       12.4080000000       15.9222065564       15.9222065564        0.0000000000       74.6353506968
       12.5490000000       16.0351591757       16.0351591757        0.0000000000       75.1648161523
       12.6900000000       16.1473182596       16.1473182596        0.0000000000       75.6905619108
       12.8310000000       16.2573732181       16.2573732181        0.0000000000       76.2064445804
       12.9720000000       16.3679711635       16.3679711635        0.0000000000       76.7248725012
       13.1130000000       16.4777921160       16.4777921160        0.0000000000       77.2396582677
       13.2540000000       16.5868415344       16.5868415344        0.0000000000       77.7508274676
       13.3950000000       16.6951248390       16.6951248390        0.0000000000       78.2584055085
       13.5360000000       16.8026474120       16.8026474120        0.0000000000       78.7624176198
       13.6770000000       16.9094145978       16.9094145978        0.0000000000       79.2628888534
       13.8180000000       17.0154317034       17.0154317034        0.0000000000       79.7598440854
       13.9590000000       17.1207039982       17.1207039982        0.0000000000       80.2533080171
       14.1000000000       17.2252367150       17.2252367150        0.0000000000       80.7433051760
       14.2410000000       17.3290350496       17.3290350496        0.0000000000       81.2298599178
       14.3820000000       17.4321041611       17.4321041611        0.0000000000       81.7129964265
       14.5230000000       17.5344491728       17.5344491728        0.0000000000       82.1927387167
       14.6640000000       17.6360751717       17.6360751717        0.0000000000       82.6691106340
       14.8050000000       17.7369872090       17.7369872090        0.0000000000       83.1421358566
       14.9460000000       17.8371903008       17.8371903008        0.0000000000       83.6118378963
       15.0870000000       17.9366894276       17.9366894276        0.0000000000       84.0782400997
       15.2280000000       18.0354895350       18.0354895350        0.0000000000       84.5413656494
       15.3690000000       18.1335955339       18.1335955339        0.0000000000       85.0012375652
       15.5100000000       18.2310123006       18.2310123006        0.0000000000       85.4578787051
       15.6510000000       18.3277446774       18.3277446774        0.0000000000       85.9113117665
       15.7920000000       18.4237974723       18.4237974723        0.0000000000       86.3615592874
       15.9330000000       18.5191754595       18.5191754595        0.0000000000       86.8086436474
       16.0740000000       18.6138833800       18.6138833800        0.0000000000       87.2525870690
       16.2150000000       18.7079259411       18.7079259411        0.0000000000       87.6934116185
       16.3560000000       18.8013078174       18.8013078174        0.0000000000       88.1311392070
       16.4970000000       18.8940336502       18.8940336502        0.0000000000       88.5657915920
       16.6380000000       18.9861080487       18.9861080487        0.0000000000       88.9973903780
       16.7790000000       19.0775355893       19.0775355893        0.0000000000       89.4259570175
       16.9200000000       19.1683208166       19.1683208166        0.0000000000       89.8515128127
       17.0610000000       19.2584682429       19.2584682429        0.0000000000       90.2740789159
       17.2020000000       19.3479823491       19.3479823491        0.0000000000       90.6936763307
       17.3430000000       19.4368675845       19.4368675845        0.0000000000       91.1103259134
       17.4840000000       19.5251283672       19.5251283672        0.0000000000       91.5240483735
       17.6250000000       19.6127690841       19.6127690841        0.0000000000       91.9348642753
       17.7660000000       19.6997940916       19.6997940916        0.0000000000       92.3427940385
       17.9070000000       19.7862077151       19.7862077151        0.0000000000       92.7478579392
       18.0480000000       19.8720142499       19.8720142499        0.0000000000       93.1500761112
       18.1890000000       19.9572179609       19.9572179609        0.0000000000       93.5494685469
       18.3300000000       20.0418230834       20.0418230834        0.0000000000       93.9460550981
       18.4710000000       20.1258338226       20.1258338226        0.0000000000       94.3398554773
       18.6120000000       20.2092543542       20.2092543542        0.0000000000       94.7308892584
       18.7530000000       20.2920888247       20.2920888247        0.0000000000       95.1191758778
       18.8940000000       20.3743413514       20.3743413514        0.0000000000       95.5047346353
       19.0350000000       20.4560160227       20.4560160227        0.0000000000       95.8875846952
       19.1760000000       20.5371168982       20.5371168982        0.0000000000       96.2677450872
       19.3170000000       20.6176480091       20.6176480091        0.0000000000       96.6452347072
       19.4580000000       20.6976133582       20.6976133582        0.0000000000       97.0200723184
       19.5990000000       20.7770169201       20.7770169201        0.0000000000       97.3922765522
       19.7400000000       20.8558626417       20.8558626417        0.0000000000       97.7618659090
       19.8810000000       20.9341544419       20.9341544419        0.0000000000       98.1288587593
       20.0220000000       21.0118962123       21.0118962123        0.0000000000       98.4932733447
       20.1630000000       21.0890918171       21.0890918171        0.0000000000       98.8551277784
       20.3040000000       21.1657450933       21.1657450933        0.0000000000       99.2144400464
       20.4450000000       21.2418598510       21.2418598510        0.0000000000       99.5712280085
       20.5860000000       21.3174398733       21.3174398733        0.0000000000       99.9255093988
       20.7270000000       21.3924889172       21.3924889172        0.0000000000      100.2773018270
       20.8680000000       21.4670107128       21.4670107128        0.0000000000      100.6266227790
       21.0090000000       21.5410089644       21.5410089644        0.0000000000      100.9734896178
       21.1500000000       21.6144873499       21.6144873499        0.0000000000      101.3179195846
       21.2910000000       21.6874495218       21.6874495218        0.0000000000      101.6599297992
       21.4320000000       21.7598991065       21.7598991065        0.0000000000      101.9995372615
       21.5730000000       21.8318397051       21.8318397051        0.0000000000      102.3367588515
       21.7140000000       21.9032748936       21.9032748936        0.0000000000      102.6716113311
       21.8550000000       21.9742082226       21.9742082226        0.0000000000      103.0041113440
       21.9960000000       22.0446432179       22.0446432179        0.0000000000      103.3342754173
       22.1370000000       22.1145833804       22.1145833804        0.0000000000      103.6621199618
       22.2780000000       22.1840321865       22.1840321865        0.0000000000      103.9876612732
       22.4190000000       22.2529930883       22.2529930883        0.0000000000      104.3109155325
       22.5600000000       22.3214695134       22.3214695134        0.0000000000      104.6318988071
       22.7010000000       22.3894648654       22.3894648654        0.0000000000      104.9506270515
       22.8420000000       22.4569825241       22.4569825241        0.0000000000      105.2671161083
       22.9830000000       22.5240258454       22.5240258454        0.0000000000      105.5813817085
       23.1240000000       22.5905981618       22.5905981618        0.0000000000      105.8934394728
       23.2650000000       22.6567027822       22.6567027822        0.0000000000      106.2033049121
       23.4060000000       22.7223429925       22.7223429925        0.0000000000      106.5109934283
       23.5470000000       22.7875220551       22.7875220551        0.0000000000      106.8165203151
       23.6880000000       22.8522432100       22.8522432100        0.0000000000      107.1199007588
       23.8290000000       22.9165096740       22.9165096740        0.0000000000      107.4211498390
       23.9700000000       22.9803246415       22.9803246415        0.0000000000      107.7202825293
       24.1110000000       23.0436912846       23.0436912846        0.0000000000      108.0173136981
       24.2520000000       23.1066127527       23.1066127527        0.0000000000      108.3122581095
       24.3930000000       23.1690921735       23.1690921735        0.0000000000      108.6051304237
       24.5340000000       23.2311326525       23.2311326525        0.0000000000      108.8959451980
       24.6750000000       23.2927372734       23.2927372734        0.0000000000      109.1847168874
       24.8160000000       23.3539090983       23.3539090983        0.0000000000      109.4714598454
       24.9570000000       23.4146511678       23.4146511678        0.0000000000      109.7561883245
       25.0980000000       23.4749665010       23.4749665010        0.0000000000      110.0389164773
       25.2390000000       23.5348580960       23.5348580960        0.0000000000      110.3196583568
       25.3800000000       23.5943289296       23.5943289296        0.0000000000      110.5984279173
       25.5210000000       23.6533819579       23.6533819579        0.0000000000      110.8752390152
       25.6620000000       23.7120201161       23.7120201161        0.0000000000      111.1501054093
       25.8030000000       23.7702463189       23.7702463189        0.0000000000      111.4230407620
       25.9440000000       23.8280634603       23.8280634603        0.0000000000      111.6940586396
       26.0850000000       23.8854744142       23.8854744142        0.0000000000      111.9631725130
       26.2260000000       23.9424820343       23.9424820343        0.0000000000      112.2303957587
       26.3670000000       23.9990891540       23.9990891540        0.0000000000      112.4957416589
       26.5080000000       24.0552985871       24.0552985871        0.0000000000      112.7592234028
       26.6490000000       24.1111131274       24.1111131274        0.0000000000      113.0208540868
       26.7900000000       24.1665355493       24.1665355493        0.0000000000      113.2806467153
       26.9310000000       24.2215686075       24.2215686075        0.0000000000      113.5386142013
       27.0720000000       24.2762150374       24.2762150374        0.0000000000      113.7947693672
       27.2130000000       24.3304775553       24.3304775553        0.0000000000      114.0491249452
       27.3540000000       24.3843588582       24.3843588582        0.0000000000      114.3016935780
       27.4950000000       24.4378616244       24.4378616244        0.0000000000      114.5524878197
       27.6360000000       24.4909885133       24.4909885133        0.0000000000      114.8015201360
       27.7770000000       24.5437421654       24.5437421654        0.0000000000      115.0488029052
       27.9180000000       24.5961252030       24.5961252030        0.0000000000      115.2943484184
       28.0590000000       24.6481402297       24.6481402297        0.0000000000      115.5381688806
       28.2000000000       24.6997898310       24.6997898310        0.0000000000      115.7802764109
       28.3410000000       24.7510765741       24.7510765741        0.0000000000      116.0206830433
       28.4820000000       24.8020030083       24.8020030083        0.0000000000      116.2594007272
       28.6230000000       24.8525716648       24.8525716648        0.0000000000      116.4964413282
       28.7640000000       24.9027850571       24.9027850571        0.0000000000      116.7318166284
       28.9050000000       24.9526456812       24.9526456812        0.0000000000      116.9655383272
       29.0460000000       25.0021560154       25.0021560154        0.0000000000      117.1976180418
       29.1870000000       25.0513185205       25.0513185205        0.0000000000      117.4280673077
       29.3280000000       25.1001356403       25.1001356403        0.0000000000      117.6568975795
       29.4690000000       25.1486098011       25.1486098011        0.0000000000      117.8841202312
       29.6100000000       25.1967434125       25.1967434125        0.0000000000      118.1097465569
       29.7510000000       25.2445388668       25.2445388668        0.0000000000      118.3337877715
       29.8920000000       25.2919985398       25.2919985398        0.0000000000      118.5562550110
       30.0330000000       25.3391247905       25.3391247905        0.0000000000      118.7771593331
       30.1740000000       25.3859199612       25.3859199612        0.0000000000      118.9965117179
       30.3150000000       25.4323863780       25.4323863780        0.0000000000      119.2143230685
       30.4560000000       25.4785263505       25.4785263505        0.0000000000      119.4306042110
       30.5970000000       25.5243421720       25.5243421720        0.0000000000      119.6453658960
       30.7380000000       25.5698361199       25.5698361199        0.0000000000      119.8586187980
       30.8790000000       25.6150104554       25.6150104554        0.0000000000      120.0703735169
       31.0200000000       25.6598674240       25.6598674240        0.0000000000      120.2806405780
       31.1610000000       25.7044092552       25.7044092552        0.0000000000      120.4894304327
       31.3020000000       25.7486381630       25.7486381630        0.0000000000      120.6967534589
       31.4430000000       25.7925563459       25.7925563459        0.0000000000      120.9026199616
       31.5840000000       25.8361659867       25.8361659867        0.0000000000      121.1070401734
       31.7250000000       25.8794692532       25.8794692532        0.0000000000      121.3100242552
       31.8660000000       25.9224682976       25.9224682976        0.0000000000      121.5115822963
       32.0070000000       25.9651652574       25.9651652574        0.0000000000      121.7117243151
       32.1480000000       26.0075622547       26.0075622547        0.0000000000      121.9104602597
       32.2890000000       26.0496613968       26.0496613968        0.0000000000      122.1078000084
       32.4300000000       26.0914647765       26.0914647765        0.0000000000      122.3037533700
       32.5710000000       26.1329744714       26.1329744714        0.0000000000      122.4983300844
       32.7120000000       26.1741925448       26.1741925448        0.0000000000      122.6915398230
       32.8530000000       26.2151210455       26.2151210455        0.0000000000      122.8833921893
       32.9940000000       26.2557620079       26.2557620079        0.0000000000      123.0738967195
       33.1350000000       26.2961174520       26.2961174520        0.0000000000      123.2630628826
       33.2760000000       26.3361893837       26.3361893837        0.0000000000      123.4509000811
       33.4170000000       26.3759797947       26.3759797947        0.0000000000      123.6374176515
       33.5580000000       26.4154906629       26.4154906629        0.0000000000      123.8226248647
       33.6990000000       26.4547239522       26.4547239522        0.0000000000      124.0065309265
       33.8400000000       26.4936816126       26.4936816126        0.0000000000      124.1891449780
       33.9810000000       26.5323655806       26.5323655806        0.0000000000      124.3704760959
       34.1220000000       26.5707777789       26.5707777789        0.0000000000      124.5505332935
       34.2630000000       26.6089201168       26.6089201168        0.0000000000      124.7293255205
       34.4040000000       26.6467944903       26.6467944903        0.0000000000      124.9068616637
       34.5450000000       26.6844027818       26.6844027818        0.0000000000      125.0831505478
       34.6860000000       26.7217468606       26.7217468606        0.0000000000      125.2582009350
       34.8270000000       26.7588285831       26.7588285831        0.0000000000      125.4320215265
       34.9680000000       26.7956497923       26.7956497923        0.0000000000      125.6046209618
       35.1090000000       26.8322123184       26.8322123184        0.0000000000      125.7760078202
       35.2500000000       26.8685179788       26.8685179788        0.0000000000      125.9461906204
       35.3910000000       26.9045685781       26.9045685781        0.0000000000      126.1151778214
       35.5320000000       26.9403659082       26.9403659082        0.0000000000      126.2829778228
       35.6730000000       26.9759117483       26.9759117483        0.0000000000      126.4495989650
       35.8140000000       27.0112078653       27.0112078653        0.0000000000      126.6150495301
       35.9550000000       27.0462560136       27.0462560136        0.0000000000      126.7793377417
       36.0960000000       27.0810579353       27.0810579353        0.0000000000      126.9424717659
       36.2370000000       27.1156153602       27.1156153602        0.0000000000      127.1044597112
       36.3780000000       27.1499300059       27.1499300059        0.0000000000      127.2653096293
       36.5190000000       27.1840035782       27.1840035782        0.0000000000      127.4250295153
       36.6600000000       27.2178377706       27.2178377706        0.0000000000      127.5836273081
       36.8010000000       27.2514342649       27.2514342649        0.0000000000      127.7411108908
       36.9420000000       27.2847947310       27.2847947310        0.0000000000      127.8974880911
       37.0830000000       27.3179208270       27.3179208270        0.0000000000      128.0527666819
       37.2240000000       27.3508141996       27.3508141996        0.0000000000      128.2069543812
       37.3650000000       27.3834764836       27.3834764836        0.0000000000      128.3600588530
       37.5060000000       27.4159093027       27.4159093027        0.0000000000      128.5120877075
       37.6470000000       27.4481142688       27.4481142688        0.0000000000      128.6630485011
       37.7880000000       27.4800929827       27.4800929827        0.0000000000      128.8129487375
       37.9290000000       27.5118470339       27.5118470339        0.0000000000      128.9617958674
       38.0700000000       27.5433780007       27.5433780007        0.0000000000      129.1095972894
       38.2110000000       27.5746874505       27.5746874505        0.0000000000      129.2563603500
       38.3520000000       27.6057769395       27.6057769395        0.0000000000      129.4020923439
       38.4930000000       27.6366480129       27.6366480129        0.0000000000      129.5468005150
       38.6340000000       27.6673022052       27.6673022052        0.0000000000      129.6904920558
       38.7750000000       27.6977410401       27.6977410401        0.0000000000      129.8331741087
       38.9160000000       27.7279660305       27.7279660305        0.0000000000      129.9748537656
       39.0570000000       27.7579786789       27.7579786789        0.0000000000      130.1155380688
       39.1980000000       27.7877804769       27.7877804769        0.0000000000      130.2552340111
       39.3390000000       27.8173729059       27.8173729059        0.0000000000      130.3939485359
       39.4800000000       27.8467574368       27.8467574368        0.0000000000      130.5316885382
       39.6210000000       27.8759355302       27.8759355302        0.0000000000      130.6684608644
       39.7620000000       27.9049086362       27.9049086362        0.0000000000      130.8042723128
       39.9030000000       27.9336781952       27.9336781952        0.0000000000      130.9391296338
       40.0440000000       27.9622456370       27.9622456370        0.0000000000      131.0730395306
       40.1850000000       27.9906123816       27.9906123816        0.0000000000      131.2060086592
       40.3260000000       28.0187798390       28.0187798390        0.0000000000      131.3380436289
       40.4670000000       28.0467494092       28.0467494092        0.0000000000      131.4691510025
       40.6080000000       28.0745224825       28.0745224825        0.0000000000      131.5993372967
       40.7490000000       28.1021004394       28.1021004394        0.0000000000      131.7286089825
       40.8900000000       28.1294846506       28.1294846506        0.0000000000      131.8569724852
       41.0310000000       28.1566764772       28.1566764772        0.0000000000      131.9844341853
       41.1720000000       28.1836772709       28.1836772709        0.0000000000      132.1110004183
       41.3130000000       28.2104883736       28.2104883736        0.0000000000      132.2366774751
       41.4540000000       28.2371111182       28.2371111182        0.0000000000      132.3614716026
       41.5950000000       28.2635468278       28.2635468278        0.0000000000      132.4853890037
       41.7360000000       28.2897968164       28.2897968164        0.0000000000      132.6084358377
       41.8770000000       28.3158623888       28.3158623888        0.0000000000      132.7306182206
       42.0180000000       28.3417448406       28.3417448406        0.0000000000      132.8519422257
       42.1590000000       28.3674454583       28.3674454583        0.0000000000      132.9724138832
       42.3000000000       28.3929655194       28.3929655194        0.0000000000      133.0920391813
       42.4410000000       28.4183062923       28.4183062923        0.0000000000      133.2108240660
       42.5820000000       28.4434690365       28.4434690365        0.0000000000      133.3287744415
       42.7230000000       28.4684550029       28.4684550029        0.0000000000      133.4458961706
       42.8640000000       28.4932654333       28.4932654333        0.0000000000      133.5621950747
       43.0050000000       28.5179015609       28.5179015609        0.0000000000      133.6776769346
       43.1460000000       28.5423646104       28.5423646104        0.0000000000      133.7923474903
       43.2870000000       28.5666557975       28.5666557975        0.0000000000      133.9062124416
       43.4280000000       28.5907763298       28.5907763298        0.0000000000      134.0192774481
       43.5690000000       28.6147274062       28.6147274062        0.0000000000      134.1315481297
       43.7100000000       28.6385102171       28.6385102171        0.0000000000      134.2430300669
       43.8510000000       28.6621259446       28.6621259446        0.0000000000      134.3537288008
       43.9920000000       28.6855757627       28.6855757627        0.0000000000      134.4636498339
       44.1330000000       28.7088608368       28.7088608368        0.0000000000      134.5727986297
       44.2740000000       28.7319823244       28.7319823244        0.0000000000      134.6811806135
       44.4150000000       28.7549413746       28.7549413746        0.0000000000      134.7888011725
       44.5560000000       28.7777391288       28.7777391288        0.0000000000      134.8956656560
       44.6970000000       28.8003767201       28.8003767201        0.0000000000      135.0017793756
       44.8380000000       28.8228552736       28.8228552736        0.0000000000      135.1071476058
       44.9790000000       28.8451759067       28.8451759067        0.0000000000      135.2117755839
       45.1200000000       28.8673397288       28.8673397288        0.0000000000      135.3156685105
       45.2610000000       28.8893478416       28.8893478416        0.0000000000      135.4188315495
       45.4020000000       28.9112013390       28.9112013390        0.0000000000      135.5212698289
       45.5430000000       28.9329013073       28.9329013073        0.0000000000      135.6229884401
       45.6840000000       28.9544488249       28.9544488249        0.0000000000      135.7239924393
       45.8250000000       28.9758449631       28.9758449631        0.0000000000      135.8242868468
       45.9660000000       28.9970907851       28.9970907851        0.0000000000      135.9238766477
       46.1070000000       29.0181873472       29.0181873472        0.0000000000      136.0227667923
       46.2480000000       29.0391356979       29.0391356979        0.0000000000      136.1209621958
       46.3890000000       29.0599368783       29.0599368783        0.0000000000      136.2184677391
       46.5300000000       29.0805919226       29.0805919226        0.0000000000      136.3152882686
       46.6710000000       29.1011018572       29.1011018572        0.0000000000      136.4114285970
       46.8120000000       29.1214677018       29.1214677018        0.0000000000      136.5068935028
       46.9530000000       29.1416904685       29.1416904685        0.0000000000      136.6016877312
       47.0940000000       29.1617711625       29.1617711625        0.0000000000      136.6958159939
       47.2350000000       29.1817107820       29.1817107820        0.0000000000      136.7892829696
       47.3760000000       29.2015103181       29.2015103181        0.0000000000      136.8820933041
       47.5170000000       29.2211707548       29.2211707548        0.0000000000      136.9742516106
       47.6580000000       29.2406930695       29.2406930695        0.0000000000      137.0657624697
       47.7990000000       29.2600782324       29.2600782324        0.0000000000      137.1566304301
       47.9400000000       29.2793272072       29.2793272072        0.0000000000      137.2468600083
       48.0810000000       29.2984409505       29.2984409505        0.0000000000      137.3364556893
       48.2220000000       29.3174204125       29.3174204125        0.0000000000      137.4254219264
       48.3630000000       29.3362665366       29.3362665366        0.0000000000      137.5137631416
       48.5040000000       29.3549802594       29.3549802594        0.0000000000      137.6014837261
       48.6450000000       29.3735625112       29.3735625112        0.0000000000      137.6885880400
       48.7860000000       29.3920142155       29.3920142155        0.0000000000      137.7750804128
       48.9270000000       29.4103362896       29.4103362896        0.0000000000      137.8609651436
       49.0680000000       29.4285296441       29.4285296441        0.0000000000      137.9462465014
       49.2090000000       29.4465951833       29.4465951833        0.0000000000      138.0309287250
       49.3500000000       29.4645338053       29.4645338053        0.0000000000      138.1150160237
       49.4910000000       29.4823464015       29.4823464015        0.0000000000      138.1985125770
       49.6320000000       29.5000338575       29.5000338575        0.0000000000      138.2814225350
       49.7730000000       29.5175970523       29.5175970523        0.0000000000      138.3637500190
       49.9140000000       29.5350368590       29.5350368590        0.0000000000      138.4454991209
       50.0550000000       29.5523541443       29.5523541443        0.0000000000      138.5266739042
       50.1960000000       29.5695497691       29.5695497691        0.0000000000      138.6072784035
       50.3370000000       29.5866245881       29.5866245881        0.0000000000      138.6873166255
       50.4780000000       29.6035794500       29.6035794500        0.0000000000      138.7667925484
       50.6190000000       29.6204151974       29.6204151974        0.0000000000      138.8457101226
       50.7600000000       29.6371326674       29.6371326674        0.0000000000      138.9240732706
       50.9010000000       29.6537326907       29.6537326907        0.0000000000      139.0018858876
       51.0420000000       29.6702160924       29.6702160924        0.0000000000      139.0791518413
       51.1830000000       29.6865836920       29.6865836920        0.0000000000      139.1558749721
       51.3240000000       29.7028363030       29.7028363030        0.0000000000      139.2320590935
       51.4650000000       29.7189747332       29.7189747332        0.0000000000      139.3077079925
       51.6060000000       29.7349997847       29.7349997847        0.0000000000      139.3828254290
       51.7470000000       29.7509122541       29.7509122541        0.0000000000      139.4574151368
       51.8880000000       29.7667129323       29.7667129323        0.0000000000      139.5314808234
       52.0290000000       29.7824026048       29.7824026048        0.0000000000      139.6050261703
       52.1700000000       29.7979820512       29.7979820512        0.0000000000      139.6780548330
       52.3110000000       29.8134520462       29.8134520462        0.0000000000      139.7505704415
       52.4520000000       29.8288133585       29.8288133585        0.0000000000      139.8225766001
       52.5930000000       29.8440667517       29.8440667517        0.0000000000      139.8940768879
       52.7340000000       29.8592129840       29.8592129840        0.0000000000      139.9650748589
       52.8750000000       29.8742528082       29.8742528082        0.0000000000      140.0355740420
       53.0160000000       29.8891869719       29.8891869719        0.0000000000      140.1055779414
       53.1570000000       29.9040162174       29.9040162174        0.0000000000      140.1750900367
       53.2980000000       29.9187412818       29.9187412818        0.0000000000      140.2441137829
       53.4390000000       29.9333628970       29.9333628970        0.0000000000      140.3126526110
       53.5800000000       29.9478817898       29.9478817898        0.0000000000      140.3807099276
       53.7210000000       29.9622986818       29.9622986818        0.0000000000      140.4482891155
       53.8620000000       29.9766142896       29.9766142896        0.0000000000      140.5153935339
       54.0030000000       29.9908293248       29.9908293248        0.0000000000      140.5820265180
       54.1440000000       30.0049444939       30.0049444939        0.0000000000      140.6481913800
       54.2850000000       30.0189604986       30.0189604986        0.0000000000      140.7138914086
       54.4260000000       30.0328780355       30.0328780355        0.0000000000      140.7791298693
       54.5670000000       30.0466977964       30.0466977964        0.0000000000      140.8439100050
       54.7080000000       30.0604204682       30.0604204682        0.0000000000      140.9082350354
       54.8490000000       30.0740467330       30.0740467330        0.0000000000      140.9721081580
       54.9900000000       30.0875772680       30.0875772680        0.0000000000      141.0355325474
       55.1310000000       30.1010127459       30.1010127459        0.0000000000      141.0985113563
       55.2720000000       30.1143538344       30.1143538344        0.0000000000      141.1610477149
       55.4130000000       30.1276011967       30.1276011967        0.0000000000      141.2231447318
       55.5540000000       30.1407554912       30.1407554912        0.0000000000      141.2848054934
       55.6950000000       30.1538173717       30.1538173717        0.0000000000      141.3460330646
       55.8360000000       30.1667874876       30.1667874876        0.0000000000      141.4068304887
       55.9770000000       30.1796664834       30.1796664834        0.0000000000      141.4672007876
       56.1180000000       30.1924549994       30.1924549994        0.0000000000      141.5271469622
       56.2590000000       30.2051536711       30.2051536711        0.0000000000      141.5866719920
       56.4000000000       30.2177631298       30.2177631298        0.0000000000      141.6457788357
       56.5410000000       30.2302840023       30.2302840023        0.0000000000      141.7044704312
       56.6820000000       30.2427169108       30.2427169108        0.0000000000      141.7627496958
       56.8230000000       30.2550624735       30.2550624735        0.0000000000      141.8206195264
       56.9640000000       30.2673213038       30.2673213038        0.0000000000      141.8780827993
       57.1050000000       30.2794940111       30.2794940111        0.0000000000      141.9351423707
       57.2460000000       30.2915812006       30.2915812006        0.0000000000      141.9918010769
       57.3870000000       30.3035834729       30.3035834729        0.0000000000      142.0480617340
       57.5280000000       30.3155014246       30.3155014246        0.0000000000      142.1039271384
       57.6690000000       30.3273356482       30.3273356482        0.0000000000      142.1594000671
       57.8100000000       30.3390867319       30.3390867319        0.0000000000      142.2144832773
       57.9510000000       30.3507552597       30.3507552597        0.0000000000      142.2691795068
       58.0920000000       30.3623418116       30.3623418116        0.0000000000      142.3234914744
       58.2330000000       30.3738469636       30.3738469636        0.0000000000      142.3774218798
       58.3740000000       30.3852712875       30.3852712875        0.0000000000      142.4309734034
       58.5150000000       30.3966153512       30.3966153512        0.0000000000      142.4841487071
       58.6560000000       30.4078797185       30.4078797185        0.0000000000      142.5369504340
       58.7970000000       30.4190649492       30.4190649492        0.0000000000      142.5893812085
       58.9380000000       30.4301715995       30.4301715995        0.0000000000      142.6414436369
       59.0790000000       30.4412002213       30.4412002213        0.0000000000      142.6931403068
       59.2200000000       30.4521513629       30.4521513629        0.0000000000      142.7444737878
       59.3610000000       30.4630255684       30.4630255684        0.0000000000      142.7954466316
       59.5020000000       30.4738233786       30.4738233786        0.0000000000      142.8460613716
       59.6430000000       30.4845453299       30.4845453299        0.0000000000      142.8963205237
       59.7840000000       30.4951919555       30.4951919555        0.0000000000      142.9462265861
       59.9250000000       30.5057637845       30.5057637845        0.0000000000      142.9957820393
       60.0660000000       30.5162613423       30.5162613423        0.0000000000      143.0449893466
       60.2070000000       30.5266851508       30.5266851508        0.0000000000      143.0938509537
       60.3480000000       30.5370357280       30.5370357280        0.0000000000      143.1423692893
       60.4890000000       30.5473135885       30.5473135885        0.0000000000      143.1905467651
       60.6300000000       30.5575192431       30.5575192431        0.0000000000      143.2383857758
       60.7710000000       30.5676531990       30.5676531990        0.0000000000      143.2858886991
       60.9120000000       30.5777159601       30.5777159601        0.0000000000      143.3330578962
       61.0530000000       30.5877080264       30.5877080264        0.0000000000      143.3798957117
       61.1940000000       30.5976298946       30.5976298946        0.0000000000      143.4264044736
       61.3350000000       30.6074820579       30.6074820579        0.0000000000      143.4725864937
       61.4760000000       30.6172650060       30.6172650060        0.0000000000      143.5184440675
       61.6170000000       30.6269792252       30.6269792252        0.0000000000      143.5639794743
       61.7580000000       30.6366251982       30.6366251982        0.0000000000      143.6091949775
       61.8990000000       30.6462034046       30.6462034046        0.0000000000      143.6540928245
       62.0400000000       30.6557143204       30.6557143204        0.0000000000      143.6986752469
       62.1810000000       30.6651584185       30.6651584185        0.0000000000      143.7429444608
       62.3220000000       30.6745361681       30.6745361681        0.0000000000      143.7869026666
       62.4630000000       30.6838480354       30.6838480354        0.0000000000      143.8305520492
       62.6040000000       30.6930944834       30.6930944834        0.0000000000      143.8738947782
       62.7450000000       30.7022759715       30.7022759715        0.0000000000      143.9169330079
       62.8860000000       30.7113929561       30.7113929561        0.0000000000      143.9596688777
       63.0270000000       30.7204458904       30.7204458904        0.0000000000      144.0021045116
       63.1680000000       30.7294352244       30.7294352244        0.0000000000      144.0442420190
       63.3090000000       30.7383614050       30.7383614050        0.0000000000      144.0860834943
       63.4500000000       30.7472248756       30.7472248756        0.0000000000      144.1276310173
       63.5910000000       30.7560260770       30.7560260770        0.0000000000      144.1688866530
       63.7320000000       30.7647654466       30.7647654466        0.0000000000      144.2098524521
       63.8730000000       30.7734434188       30.7734434188        0.0000000000      144.2505304509
       64.0140000000       30.7820604250       30.7820604250        0.0000000000      144.2909226711
       64.1550000000       30.7906168933       30.7906168933        0.0000000000      144.3310311206
       64.2960000000       30.7991132492       30.7991132492        0.0000000000      144.3708577929
       64.4370000000       30.8075499150       30.8075499150        0.0000000000      144.4104046676
       64.5780000000       30.8159273100       30.8159273100        0.0000000000      144.4496737104
       64.7190000000       30.8242458505       30.8242458505        0.0000000000      144.4886668732
       64.8600000000       30.8325059502       30.8325059502        0.0000000000      144.5273860941
       65.0010000000       30.8407080194       30.8407080194        0.0000000000      144.5658332977
       65.1420000000       30.8488524660       30.8488524660        0.0000000000      144.6040103949
       65.2830000000       30.8569396948       30.8569396948        0.0000000000      144.6419192835
       65.4240000000       30.8649701077       30.8649701077        0.0000000000      144.6795618477
       65.5650000000       30.8729441038       30.8729441038        0.0000000000      144.7169399585
       65.7060000000       30.8808620796       30.8808620796        0.0000000000      144.7540554738
       65.8470000000       30.8887244286       30.8887244286        0.0000000000      144.7909102383
       65.9880000000       30.8965315416       30.8965315416        0.0000000000      144.8275060841
       66.1290000000       30.9042838067       30.9042838067        0.0000000000      144.8638448301
       66.2700000000       30.9119816091       30.9119816091        0.0000000000      144.8999282825
       66.4110000000       30.9196253315       30.9196253315        0.0000000000      144.9357582349
       66.5520000000       30.9272153538       30.9272153538        0.0000000000      144.9713364682
       66.6930000000       30.9347520534       30.9347520534        0.0000000000      145.0066647508
       66.8340000000       30.9422358047       30.9422358047        0.0000000000      145.0417448387
       66.9750000000       30.9496669798       30.9496669798        0.0000000000      145.0765784756
       67.1160000000       30.9570459481       30.9570459481        0.0000000000      145.1111673928
       67.2570000000       30.9643730763       30.9643730763        0.0000000000      145.1455133098
       67.3980000000       30.9716487286       30.9716487286        0.0000000000      145.1796179335
       67.5390000000       30.9788732667       30.9788732667        0.0000000000      145.2134829592
       67.6800000000       30.9860470497       30.9860470497        0.0000000000      145.2471100702
       67.8210000000       30.9931704341       30.9931704341        0.0000000000      145.2805009378
       67.9620000000       31.0002437740       31.0002437740        0.0000000000      145.3136572219
       68.1030000000       31.0072674210       31.0072674210        0.0000000000      145.3465805704
       68.2440000000       31.0142417241       31.0142417241        0.0000000000      145.3792726198
       68.3850000000       31.0211670302       31.0211670302        0.0000000000      145.4117349951
       68.5260000000       31.0280436833       31.0280436833        0.0000000000      145.4439693098
       68.6670000000       31.0348720253       31.0348720253        0.0000000000      145.4759771661
       68.8080000000       31.0416523956       31.0416523956        0.0000000000      145.5077601549
       68.9490000000       31.0483851311       31.0483851311        0.0000000000      145.5393198562
       69.0900000000       31.0550705667       31.0550705667        0.0000000000      145.5706578385
       69.2310000000       31.0617090345       31.0617090345        0.0000000000      145.6017756595
       69.3720000000       31.0683008646       31.0683008646        0.0000000000      145.6326748659
       69.5130000000       31.0748463845       31.0748463845        0.0000000000      145.6633569935
       69.6540000000       31.0813459196       31.0813459196        0.0000000000      145.6938235675
       69.7950000000       31.0877997930       31.0877997930        0.0000000000      145.7240761022
       69.9360000000       31.0942083255       31.0942083255        0.0000000000      145.7541161013
       70.0770000000       31.1005718356       31.1005718356        0.0000000000      145.7839450579
       70.2180000000       31.1068906396       31.1068906396        0.0000000000      145.8135644546
       70.3590000000       31.1131650516       31.1131650516        0.0000000000      145.8429757638
       70.5000000000       31.1193953835       31.1193953835        0.0000000000      145.8721804473
       70.6410000000       31.1255819449       31.1255819449        0.0000000000      145.9011799568
       70.7820000000       31.1317250433       31.1317250433        0.0000000000      145.9299757336
       70.9230000000       31.1378249842       31.1378249842        0.0000000000      145.9585692091
       71.0640000000       31.1438820706       31.1438820706        0.0000000000      145.9869618045
       71.2050000000       31.1498966036       31.1498966036        0.0000000000      146.0151549311
       71.3460000000       31.1558688823       31.1558688823        0.0000000000      146.0431499902
       71.4870000000       31.1617992034       31.1617992034        0.0000000000      146.0709483732
       71.6280000000       31.1676878618       31.1676878618        0.0000000000      146.0985514621
       71.7690000000       31.1735351501       31.1735351501        0.0000000000      146.1259606287
       71.9100000000       31.1793413589       31.1793413589        0.0000000000      146.1531772354
       72.0510000000       31.1851067770       31.1851067770        0.0000000000      146.1802026350
       72.1920000000       31.1908316907       31.1908316907        0.0000000000      146.2070381709
       72.3330000000       31.1965163848       31.1965163848        0.0000000000      146.2336851770
       72.4740000000       31.2021611417       31.2021611417        0.0000000000      146.2601449776
       72.6150000000       31.2077662420       31.2077662420        0.0000000000      146.2864188880
       72.7560000000       31.2133319643       31.2133319643        0.0000000000      146.3125082141
       72.8970000000       31.2188585854       31.2188585854        0.0000000000      146.3384142528
       73.0380000000       31.2243463798       31.2243463798        0.0000000000      146.3641382916
       73.1790000000       31.2297956203       31.2297956203        0.0000000000      146.3896816092
       73.3200000000       31.2352065779       31.2352065779        0.0000000000      146.4150454753
       73.4610000000       31.2405795214       31.2405795214        0.0000000000      146.4402311505
       73.6020000000       31.2459147179       31.2459147179        0.0000000000      146.4652398868
       73.7430000000       31.2512124327       31.2512124327        0.0000000000      146.4900729271
       73.8840000000       31.2564729289       31.2564729289        0.0000000000      146.5147315058
       74.0250000000       31.2616964682       31.2616964682        0.0000000000      146.5392168486
       74.1660000000       31.2668833101       31.2668833101        0.0000000000      146.5635301724
       74.3070000000       31.2720337125       31.2720337125        0.0000000000      146.5876726859
       74.4480000000       31.2771479313       31.2771479313        0.0000000000      146.6116455890
       74.5890000000       31.2822262208       31.2822262208        0.0000000000      146.6354500734
       74.7300000000       31.2872688333       31.2872688333        0.0000000000      146.6590873221
       74.8710000000       31.2922760196       31.2922760196        0.0000000000      146.6825585101
       75.0120000000       31.2972480285       31.2972480285        0.0000000000      146.7058648040
       75.1530000000       31.3021851071       31.3021851071        0.0000000000      146.7290073623
       75.2940000000       31.3070875008       31.3070875008        0.0000000000      146.7519873354
       75.4350000000       31.3119554534       31.3119554534        0.0000000000      146.7748058653
       75.5760000000       31.3167892067       31.3167892067        0.0000000000      146.7974640863
       75.7170000000       31.3215890011       31.3215890011        0.0000000000      146.8199631247
       75.8580000000       31.3263550751       31.3263550751        0.0000000000      146.8423040987
       75.9990000000       31.3310876656       31.3310876656        0.0000000000      146.8644881189
       76.1400000000       31.3357870078       31.3357870078        0.0000000000      146.8865162878
       76.2810000000       31.3404533354       31.3404533354        0.0000000000      146.9083897004
       76.4220000000       31.3450868802       31.3450868802        0.0000000000      146.9301094440
       76.5630000000       31.3496878726       31.3496878726        0.0000000000      146.9516765980
       76.7040000000       31.3542565413       31.3542565413        0.0000000000      146.9730922346
       76.8450000000       31.3587931133       31.3587931133        0.0000000000      146.9943574181
       76.9860000000       31.3632978142       31.3632978142        0.0000000000      147.0154732056
       77.1270000000       31.3677708678       31.3677708678        0.0000000000      147.0364406466
       77.2680000000       31.3722124966       31.3722124966        0.0000000000      147.0572607834
       77.4090000000       31.3766229211       31.3766229211        0.0000000000      147.0779346507
       77.5500000000       31.3810023608       31.3810023608        0.0000000000      147.0984632762
       77.6910000000       31.3853510332       31.3853510332        0.0000000000      147.1188476802
       77.8320000000       31.3896691546       31.3896691546        0.0000000000      147.1390888761
       77.9730000000       31.3939569395       31.3939569395        0.0000000000      147.1591878698
       78.1140000000       31.3982146011       31.3982146011        0.0000000000      147.1791456604
       78.2550000000       31.4024423509       31.4024423509        0.0000000000      147.1989632398
       78.3960000000       31.4066403992       31.4066403992        0.0000000000      147.2186415933
       78.5370000000       31.4108089546       31.4108089546        0.0000000000      147.2381816987
       78.6780000000       31.4149482244       31.4149482244        0.0000000000      147.2575845275
       78.8190000000       31.4190584141       31.4190584141        0.0000000000      147.2768510440
       78.9600000000       31.4231397283       31.4231397283        0.0000000000      147.2959822058
       79.1010000000       31.4271923696       31.4271923696        0.0000000000      147.3149789639
       79.2420000000       31.4312165396       31.4312165396        0.0000000000      147.3338422626
       79.3830000000       31.4352124382       31.4352124382        0.0000000000      147.3525730393
       79.5240000000       31.4391802641       31.4391802641        0.0000000000      147.3711722252
       79.6650000000       31.4431202146       31.4431202146        0.0000000000      147.3896407447
       79.8060000000       31.4470324853       31.4470324853        0.0000000000      147.4079795158
       79.9470000000       31.4509172709       31.4509172709        0.0000000000      147.4261894500
       80.0880000000       31.4547747644       31.4547747644        0.0000000000      147.4442714525
       80.2290000000       31.4586051575       31.4586051575        0.0000000000      147.4622264220
       80.3700000000       31.4624086406       31.4624086406        0.0000000000      147.4800552510
       80.5110000000       31.4661854028       31.4661854028        0.0000000000      147.4977588256
       80.6520000000       31.4699356319       31.4699356319        0.0000000000      147.5153380259
       80.7930000000       31.4736595141       31.4736595141        0.0000000000      147.5327937256
       80.9340000000       31.4773572346       31.4773572346        0.0000000000      147.5501267923
       81.0750000000       31.4810289772       31.4810289772        0.0000000000      147.5673380876
       81.2160000000       31.4846749245       31.4846749245        0.0000000000      147.5844284669
       81.3570000000       31.4882952575       31.4882952575        0.0000000000      147.6013987799
       81.4980000000       31.4918901564       31.4918901564        0.0000000000      147.6182498699
       81.6390000000       31.4954597997       31.4954597997        0.0000000000      147.6349825745
       81.7800000000       31.4990043649       31.4990043649        0.0000000000      147.6515977255
       81.9210000000       31.5025240281       31.5025240281        0.0000000000      147.6680961487
       82.0620000000       31.5060189644       31.5060189644        0.0000000000      147.6844786642
       82.2030000000       31.5094893475       31.5094893475        0.0000000000      147.7007460863
       82.3440000000       31.5129353497       31.5129353497        0.0000000000      147.7168992235
       82.4850000000       31.5163571425       31.5163571425        0.0000000000      147.7329388787
       82.6260000000       31.5197548959       31.5197548959        0.0000000000      147.7488658493
       82.7670000000       31.5231287787       31.5231287787        0.0000000000      147.7646809268
       82.9080000000       31.5264789588       31.5264789588        0.0000000000      147.7803848973
       83.0490000000       31.5298056025       31.5298056025        0.0000000000      147.7959785414
       83.1900000000       31.5331088753       31.5331088753        0.0000000000      147.8114626343
       83.3310000000       31.5363889414       31.5363889414        0.0000000000      147.8268379454
       83.4720000000       31.5396459637       31.5396459637        0.0000000000      147.8421052391
       83.6130000000       31.5428801042       31.5428801042        0.0000000000      147.8572652743
       83.7540000000       31.5460915237       31.5460915237        0.0000000000      147.8723188044
       83.8950000000       31.5492803817       31.5492803817        0.0000000000      147.8872665777
       84.0360000000       31.5524468367       31.5524468367        0.0000000000      147.9021093372
       84.1770000000       31.5555910462       31.5555910462        0.0000000000      147.9168478207
       84.3180000000       31.5587131664       31.5587131664        0.0000000000      147.9314827606
       84.4590000000       31.5618133525       31.5618133525        0.0000000000      147.9460148845
       84.6000000000       31.5648917587       31.5648917587        0.0000000000      147.9604449147
       84.7410000000       31.5679485378       31.5679485378        0.0000000000      147.9747735684
       84.8820000000       31.5709838419       31.5709838419        0.0000000000      147.9890015579
       85.0230000000       31.5739978219       31.5739978219        0.0000000000      148.0031295903
       85.1640000000       31.5769906274       31.5769906274        0.0000000000      148.0171583678
       85.3050000000       31.5799624074       31.5799624074        0.0000000000      148.0310885879
       85.4460000000       31.5829133095       31.5829133095        0.0000000000      148.0449209428
       85.5870000000       31.5858434804       31.5858434804        0.0000000000      148.0586561202
       85.7280000000       31.5887530657       31.5887530657        0.0000000000      148.0722948026
       85.8690000000       31.5916422100       31.5916422100        0.0000000000      148.0858376681
       86.0100000000       31.5945110571       31.5945110571        0.0000000000      148.0992853899
       86.1510000000       31.5973597493       31.5973597493        0.0000000000      148.1126386362
       86.2920000000       31.6001884284       31.6001884284        0.0000000000      148.1258980709
       86.4330000000       31.6029972350       31.6029972350        0.0000000000      148.1390643530
       86.5740000000       31.6057863086       31.6057863086        0.0000000000      148.1521381369
       86.7150000000       31.6085557879       31.6085557879        0.0000000000      148.1651200725
       86.8560000000       31.6113058106       31.6113058106        0.0000000000      148.1780108050
       86.9970000000       31.6140365133       31.6140365133        0.0000000000      148.1908109752
       87.1380000000       31.6167480318       31.6167480318        0.0000000000      148.2035212193
       87.2790000000       31.6194405008       31.6194405008        0.0000000000      148.2161421692
       87.4200000000       31.6221140542       31.6221140542        0.0000000000      148.2286744520
       87.5610000000       31.6247688249       31.6247688249        0.0000000000      148.2411186907
       87.7020000000       31.6274049448       31.6274049448        0.0000000000      148.2534755039
       87.8430000000       31.6300225449       31.6300225449        0.0000000000      148.2657455058
       87.9840000000       31.6326217554       31.6326217554        0.0000000000      148.2779293062
       88.1250000000       31.6352027054       31.6352027054        0.0000000000      148.2900275108
       88.2660000000       31.6377655233       31.6377655233        0.0000000000      148.3020407208
       88.4070000000       31.6403103364       31.6403103364        0.0000000000      148.3139695335
       88.5480000000       31.6428372713       31.6428372713        0.0000000000      148.3258145417
       88.6890000000       31.6453464534       31.6453464534        0.0000000000      148.3375763342
       88.8300000000       31.6478380076       31.6478380076        0.0000000000      148.3492554956
       88.9710000000       31.6503120577       31.6503120577        0.0000000000      148.3608526064
       89.1120000000       31.6527687266       31.6527687266        0.0000000000      148.3723682431
       89.2530000000       31.6552081365       31.6552081365        0.0000000000      148.3838029781
       89.3940000000       31.6576304086       31.6576304086        0.0000000000      148.3951573797
       89.5350000000       31.6600356633       31.6600356633        0.0000000000      148.4064320122
       89.6760000000       31.6624240201       31.6624240201        0.0000000000      148.4176274362
       89.8170000000       31.6647955979       31.6647955979        0.0000000000      148.4287442080
       89.9580000000       31.6671505144       31.6671505144        0.0000000000      148.4397828803
       90.0990000000       31.6694888867       31.6694888867        0.0000000000      148.4507440016
       90.2400000000       31.6718108311       31.6718108311        0.0000000000      148.4616281169
       90.3810000000       31.6741164629       31.6741164629        0.0000000000      148.4724357672
       90.5220000000       31.6764058968       31.6764058968        0.0000000000      148.4831674895
       90.6630000000       31.6786792465       31.6786792465        0.0000000000      148.4938238175
       90.8040000000       31.6809366251       31.6809366251        0.0000000000      148.5044052806
       90.9450000000       31.6831781447       31.6831781447        0.0000000000      148.5149124049
       91.0860000000       31.6854039168       31.6854039168        0.0000000000      148.5253457127
       91.2270000000       31.6876140520       31.6876140520        0.0000000000      148.5357057225
       91.3680000000       31.6898086602       31.6898086602        0.0000000000      148.5459929492
       91.5090000000       31.6919878504       31.6919878504        0.0000000000      148.5562079043
       91.6500000000       31.6941517309       31.6941517309        0.0000000000      148.5663510954
       91.7910000000       31.6963004094       31.6963004094        0.0000000000      148.5764230267
       91.9320000000       31.6984339926       31.6984339926        0.0000000000      148.5864241988
       92.0730000000       31.7005525865       31.7005525865        0.0000000000      148.5963551089
       92.2140000000       31.7026562965       31.7026562965        0.0000000000      148.6062162505
       92.3550000000       31.7047452272       31.7047452272        0.0000000000      148.6160081139
       92.4960000000       31.7068194823       31.7068194823        0.0000000000      148.6257311857
       92.6370000000       31.7088791649       31.7088791649        0.0000000000      148.6353859491
       92.7780000000       31.7109243775       31.7109243775        0.0000000000      148.6449728842
       92.9190000000       31.7129552218       31.7129552218        0.0000000000      148.6544924674
       93.0600000000       31.7149717985       31.7149717985        0.0000000000      148.6639451719
       93.2010000000       31.7169742080       31.7169742080        0.0000000000      148.6733314675
       93.3420000000       31.7189625499       31.7189625499        0.0000000000      148.6826518209
       93.4830000000       31.7209369229       31.7209369229        0.0000000000      148.6919066951
       93.6240000000       31.7228974251       31.7228974251        0.0000000000      148.7010965504
       93.7650000000       31.7248441541       31.7248441541        0.0000000000      148.7102218434
       93.9060000000       31.7267772066       31.7267772066        0.0000000000      148.7192830277
       94.0470000000       31.7286966786       31.7286966786        0.0000000000      148.7282805537
       94.1880000000       31.7306026656       31.7306026656        0.0000000000      148.7372148687
       94.3290000000       31.7324952623       31.7324952623        0.0000000000      148.7460864167
       94.4700000000       31.7343745628       31.7343745628        0.0000000000      148.7548956387
       94.6110000000       31.7362406605       31.7362406605        0.0000000000      148.7636429726
       94.7520000000       31.7380936482       31.7380936482        0.0000000000      148.7723288531
       94.8930000000       31.7399336179       31.7399336179        0.0000000000      148.7809537119
       95.0340000000       31.7417606611       31.7417606611        0.0000000000      148.7895179779
       95.1750000000       31.7435748686       31.7435748686        0.0000000000      148.7980220766
       95.3160000000       31.7453763307       31.7453763307        0.0000000000      148.8064664307
       95.4570000000       31.7471651368       31.7471651368        0.0000000000      148.8148514600
       95.5980000000       31.7489413758       31.7489413758        0.0000000000      148.8231775813
       95.7390000000       31.7507051361       31.7507051361        0.0000000000      148.8314452084
       95.8800000000       31.7524565052       31.7524565052        0.0000000000      148.8396547523
       96.0210000000       31.7541955704       31.7541955704        0.0000000000      148.8478066210
       96.1620000000       31.7559224179       31.7559224179        0.0000000000      148.8559012197
       96.3030000000       31.7576371337       31.7576371337        0.0000000000      148.8639389508
       96.4440000000       31.7593398030       31.7593398030        0.0000000000      148.8719202137
       96.5850000000       31.7610305103       31.7610305103        0.0000000000      148.8798454052
       96.7260000000       31.7627093398       31.7627093398        0.0000000000      148.8877149192
       96.8670000000       31.7643763749       31.7643763749        0.0000000000      148.8955291468
       97.0080000000       31.7660316984       31.7660316984        0.0000000000      148.9032884766
       97.1490000000       31.7676753926       31.7676753926        0.0000000000      148.9109932940
       97.2900000000       31.7693075393       31.7693075393        0.0000000000      148.9186439822
       97.4310000000       31.7709282195       31.7709282195        0.0000000000      148.9262409214
       97.5720000000       31.7725375138       31.7725375138        0.0000000000      148.9337844892
       97.7130000000       31.7741355022       31.7741355022        0.0000000000      148.9412750605
       97.8540000000       31.7757222641       31.7757222641        0.0000000000      148.9487130077
       97.9950000000       31.7772978784       31.7772978784        0.0000000000      148.9560987005
       98.1360000000       31.7788624234       31.7788624234        0.0000000000      148.9634325059
       98.2770000000       31.7804159769       31.7804159769        0.0000000000      148.9707147886
       98.4180000000       31.7819586160       31.7819586160        0.0000000000      148.9779459105
       98.5590000000       31.7834904176       31.7834904176        0.0000000000      148.9851262310
       98.7000000000       31.7850114576       31.7850114576        0.0000000000      148.9922561069
       98.8410000000       31.7865218118       31.7865218118        0.0000000000      148.9993358928
       98.9820000000       31.7880215552       31.7880215552        0.0000000000      149.0063659405
       99.1230000000       31.7895107622       31.7895107622        0.0000000000      149.0133465994
       99.2640000000       31.7909895071       31.7909895071        0.0000000000      149.0202782165
       99.4050000000       31.7924578632       31.7924578632        0.0000000000      149.0271611363
       99.5460000000       31.7939159035       31.7939159035        0.0000000000      149.0339957010
       99.6870000000       31.7953637005       31.7953637005        0.0000000000      149.0407822503
       99.8280000000       31.7968013262       31.7968013262        0.0000000000      149.0475211215
       99.9690000000       31.7982288521       31.7982288521        0.0000000000      149.0542126495
      100.1100000000       31.7996463490       31.7996463490        0.0000000000      149.0608571670
      100.2510000000       31.8010538875       31.8010538875        0.0000000000      149.0674550042
      100.3920000000       31.8024515374       31.8024515374        0.0000000000      149.0740064891
      100.5330000000       31.8038393684       31.8038393684        0.0000000000      149.0805119473
      100.6740000000       31.8052174493       31.8052174493        0.0000000000      149.0869717022
      100.8150000000       31.8065858486       31.8065858486        0.0000000000      149.0933860748
      100.9560000000       31.8079446345       31.8079446345        0.0000000000      149.0997553840
      101.0970000000       31.8092938743       31.8092938743        0.0000000000      149.1060799464
      101.2380000000       31.8106336352       31.8106336352        0.0000000000      149.1123600763
      101.3790000000       31.8119639838       31.8119639838        0.0000000000      149.1185960859
      101.5200000000       31.8132849862       31.8132849862        0.0000000000      149.1247882852
      101.6610000000       31.8145967080       31.8145967080        0.0000000000      149.1309369819
      101.8020000000       31.8158992145       31.8158992145        0.0000000000      149.1370424816
      101.9430000000       31.8171925704       31.8171925704        0.0000000000      149.1431050879
      102.0840000000       31.8184768399       31.8184768399        0.0000000000      149.1491251020
      102.2250000000       31.8197520870       31.8197520870        0.0000000000      149.1551028233
      102.3660000000       31.8210183750       31.8210183750        0.0000000000      149.1610385487
      102.5070000000       31.8222757668       31.8222757668        0.0000000000      149.1669325735
      102.6480000000       31.8235243249       31.8235243249        0.0000000000      149.1727851904
      102.7890000000       31.8247641115       31.8247641115        0.0000000000      149.1785966905
      102.9300000000       31.8259951881       31.8259951881        0.0000000000      149.1843673626
      103.0710000000       31.8272176159       31.8272176159        0.0000000000      149.1900974935
      103.2120000000       31.8284314557       31.8284314557        0.0000000000      149.1957873680
      103.3530000000       31.8296367678       31.8296367678        0.0000000000      149.2014372690
      103.4940000000       31.8308336121       31.8308336121        0.0000000000      149.2070474773
      103.6350000000       31.8320220481       31.8320220481        0.0000000000      149.2126182718
      103.7760000000       31.8332021349       31.8332021349        0.0000000000      149.2181499292
      103.9170000000       31.8343739312       31.8343739312        0.0000000000      149.2236427247
      104.0580000000       31.8355374951       31.8355374951        0.0000000000      149.2290969312
      104.1990000000       31.8366928845       31.8366928845        0.0000000000      149.2345128198
